Inserido id 1 numCon 1 dez [02, 03, 05, 06, 09, 10, 11, 13, 14, 16, 18, 20, 23, 24, 25]
Inserido id 2 numCon 2 dez [01, 04, 05, 06, 07, 09, 11, 12, 13, 15, 16, 19, 20, 23, 24]
Inserido id 3 numCon 3 dez [01, 04, 06, 07, 08, 09, 10, 11, 12, 14, 16, 17, 20, 23, 24]
Inserido id 4 numCon 4 dez [01, 02, 04, 05, 08, 10, 12, 13, 16, 17, 18, 19, 23, 24, 25]
Inserido id 5 numCon 5 dez [01, 02, 04, 08, 09, 11, 12, 13, 15, 16, 19, 20, 23, 24, 25]
Inserido id 6 numCon 6 dez [01, 02, 04, 05, 06, 07, 10, 12, 15, 16, 17, 19, 21, 23, 25]
Inserido id 7 numCon 7 dez [01, 04, 07, 08, 10, 12, 14, 15, 16, 18, 19, 21, 22, 23, 25]
Inserido id 8 numCon 8 dez [01, 05, 06, 08, 09, 10, 13, 15, 16, 17, 18, 19, 20, 22, 25]
Inserido id 9 numCon 9 dez [03, 04, 05, 09, 10, 11, 13, 15, 16, 17, 19, 20, 21, 24, 25]
Inserido id 10 numCon 10 dez [02, 03, 04, 05, 06, 08, 09, 10, 11, 12, 14, 19, 20, 23, 24]
Inserido id 11 numCon 11 dez [02, 06, 07, 08, 09, 10, 11, 12, 16, 19, 20, 22, 23, 24, 25]
Inserido id 12 numCon 12 dez [01, 02, 04, 05, 07, 08, 09, 10, 11, 12, 14, 16, 17, 24, 25]
Inserido id 13 numCon 13 dez [03, 05, 06, 07, 08, 09, 10, 11, 13, 14, 15, 16, 17, 19, 23]
Inserido id 14 numCon 14 dez [01, 02, 05, 06, 07, 09, 13, 14, 15, 18, 19, 20, 21, 23, 25]
Inserido id 15 numCon 15 dez [01, 02, 04, 06, 08, 10, 12, 15, 16, 18, 19, 21, 23, 24, 25]
Inserido id 16 numCon 16 dez [02, 05, 06, 07, 08, 10, 12, 13, 15, 17, 19, 21, 23, 24, 25]
Inserido id 17 numCon 17 dez [01, 02, 03, 05, 06, 07, 09, 13, 14, 16, 17, 18, 19, 20, 21]
Inserido id 18 numCon 18 dez [02, 06, 07, 08, 10, 11, 14, 15, 17, 18, 19, 20, 22, 23, 24]
Inserido id 19 numCon 19 dez [02, 05, 06, 07, 08, 10, 11, 13, 14, 15, 16, 17, 20, 23, 24]
Inserido id 20 numCon 20 dez [03, 04, 06, 07, 08, 09, 10, 14, 16, 17, 18, 19, 20, 23, 24]
Inserido id 21 numCon 21 dez [01, 02, 04, 05, 08, 11, 14, 16, 18, 19, 20, 22, 23, 24, 25]
Inserido id 22 numCon 22 dez [01, 02, 03, 04, 05, 06, 07, 09, 10, 12, 13, 14, 15, 22, 25]
Inserido id 23 numCon 23 dez [01, 03, 04, 05, 06, 08, 10, 11, 12, 14, 16, 17, 18, 19, 20]
Inserido id 24 numCon 24 dez [01, 02, 03, 05, 07, 10, 11, 14, 17, 19, 20, 21, 23, 24, 25]
Inserido id 25 numCon 25 dez [01, 02, 03, 04, 05, 06, 07, 09, 13, 14, 16, 20, 22, 23, 24]
Inserido id 26 numCon 26 dez [05, 07, 08, 09, 10, 11, 13, 14, 16, 17, 19, 20, 21, 22, 23]
Inserido id 27 numCon 27 dez [03, 06, 08, 10, 11, 12, 13, 14, 15, 18, 20, 21, 22, 24, 25]
Inserido id 28 numCon 28 dez [01, 03, 07, 09, 10, 11, 12, 13, 14, 16, 17, 18, 19, 20, 21]
Inserido id 29 numCon 29 dez [01, 04, 05, 06, 08, 09, 13, 14, 16, 17, 19, 20, 21, 22, 24]
Inserido id 30 numCon 30 dez [01, 02, 03, 04, 06, 07, 08, 11, 14, 17, 19, 20, 21, 22, 23]
Inserido id 31 numCon 31 dez [01, 02, 03, 04, 09, 13, 14, 15, 17, 19, 20, 21, 22, 24, 25]
Inserido id 32 numCon 32 dez [01, 02, 04, 06, 07, 09, 10, 11, 14, 15, 16, 17, 20, 22, 23]
Inserido id 33 numCon 33 dez [01, 02, 05, 07, 08, 10, 11, 12, 14, 16, 19, 20, 21, 23, 24]
Inserido id 34 numCon 34 dez [01, 02, 04, 07, 08, 09, 10, 11, 15, 16, 18, 19, 20, 21, 23]
Inserido id 35 numCon 35 dez [01, 04, 05, 06, 11, 12, 13, 14, 16, 17, 19, 21, 22, 23, 25]
Inserido id 36 numCon 36 dez [01, 04, 05, 07, 08, 10, 11, 14, 17, 19, 20, 21, 22, 23, 24]
Inserido id 37 numCon 37 dez [01, 03, 04, 05, 08, 09, 10, 11, 13, 15, 20, 21, 22, 23, 24]
Inserido id 38 numCon 38 dez [01, 02, 03, 06, 07, 08, 09, 10, 13, 14, 15, 16, 22, 24, 25]
Inserido id 39 numCon 39 dez [02, 07, 08, 09, 11, 13, 14, 15, 17, 18, 19, 21, 22, 23, 24]
Inserido id 40 numCon 40 dez [01, 02, 05, 07, 08, 10, 12, 13, 14, 16, 17, 20, 21, 22, 24]
Inserido id 41 numCon 41 dez [02, 03, 04, 09, 12, 13, 15, 16, 17, 18, 19, 20, 21, 23, 25]
Inserido id 42 numCon 42 dez [01, 03, 04, 05, 06, 08, 11, 12, 14, 15, 17, 21, 22, 24, 25]
Inserido id 43 numCon 43 dez [01, 03, 06, 07, 08, 09, 10, 14, 17, 18, 19, 20, 22, 23, 24]
Inserido id 44 numCon 44 dez [03, 04, 05, 06, 10, 11, 12, 13, 14, 18, 19, 21, 23, 24, 25]
Inserido id 45 numCon 45 dez [01, 02, 03, 05, 07, 09, 14, 16, 17, 18, 19, 21, 23, 24, 25]
Inserido id 46 numCon 46 dez [01, 02, 04, 05, 06, 08, 10, 11, 14, 18, 19, 21, 23, 24, 25]
Inserido id 47 numCon 47 dez [01, 02, 03, 04, 05, 06, 08, 10, 11, 13, 15, 18, 20, 22, 25]
Inserido id 48 numCon 48 dez [02, 05, 06, 07, 11, 13, 15, 16, 17, 18, 19, 20, 21, 22, 23]
Inserido id 49 numCon 49 dez [02, 04, 05, 06, 08, 11, 13, 15, 16, 19, 20, 21, 22, 23, 24]
Inserido id 50 numCon 50 dez [01, 02, 03, 06, 07, 09, 10, 11, 12, 13, 19, 20, 21, 23, 25]
Inserido id 51 numCon 51 dez [01, 03, 05, 06, 07, 08, 11, 13, 14, 16, 17, 20, 21, 22, 23]
Inserido id 52 numCon 52 dez [01, 02, 04, 08, 09, 11, 12, 13, 15, 16, 21, 22, 23, 24, 25]
Inserido id 53 numCon 53 dez [01, 02, 03, 06, 07, 09, 11, 12, 14, 17, 18, 19, 20, 23, 24]
Inserido id 54 numCon 54 dez [02, 04, 05, 06, 07, 08, 09, 12, 14, 16, 18, 20, 21, 22, 24]
Inserido id 55 numCon 55 dez [02, 03, 04, 05, 06, 07, 08, 09, 12, 13, 15, 16, 18, 19, 25]
Inserido id 56 numCon 56 dez [01, 02, 05, 09, 12, 13, 14, 15, 16, 17, 19, 20, 22, 23, 24]
Inserido id 57 numCon 57 dez [01, 02, 03, 04, 06, 07, 08, 11, 12, 17, 19, 20, 21, 22, 25]
Inserido id 58 numCon 58 dez [03, 04, 05, 06, 11, 12, 13, 14, 15, 16, 17, 18, 19, 20, 22]
Inserido id 59 numCon 59 dez [01, 03, 05, 06, 07, 08, 10, 11, 13, 14, 15, 19, 20, 23, 25]
Inserido id 60 numCon 60 dez [01, 02, 03, 04, 05, 08, 11, 16, 17, 18, 19, 22, 23, 24, 25]
Inserido id 61 numCon 61 dez [01, 04, 05, 09, 11, 12, 13, 14, 15, 16, 19, 20, 22, 23, 25]
Inserido id 62 numCon 62 dez [01, 03, 07, 08, 09, 11, 13, 14, 15, 16, 17, 18, 20, 24, 25]
Inserido id 63 numCon 63 dez [04, 08, 09, 10, 11, 12, 13, 16, 17, 19, 20, 21, 22, 24, 25]
Inserido id 64 numCon 64 dez [01, 02, 03, 06, 07, 08, 09, 10, 13, 14, 17, 18, 20, 23, 25]
Inserido id 65 numCon 65 dez [01, 02, 04, 07, 10, 15, 16, 17, 18, 19, 20, 21, 22, 23, 25]
Inserido id 66 numCon 66 dez [01, 02, 04, 08, 10, 11, 14, 15, 16, 17, 20, 21, 22, 23, 24]
Inserido id 67 numCon 67 dez [05, 07, 08, 09, 10, 11, 12, 13, 15, 16, 20, 21, 22, 23, 24]
Inserido id 68 numCon 68 dez [01, 02, 03, 05, 06, 07, 08, 09, 10, 12, 16, 17, 22, 23, 25]
Inserido id 69 numCon 69 dez [01, 04, 07, 08, 09, 10, 11, 15, 17, 18, 19, 20, 21, 23, 24]
Inserido id 70 numCon 70 dez [01, 02, 03, 05, 06, 09, 10, 12, 14, 15, 16, 19, 20, 24, 25]
Inserido id 71 numCon 71 dez [01, 03, 05, 06, 08, 09, 11, 13, 14, 15, 16, 18, 21, 22, 23]
Inserido id 72 numCon 72 dez [01, 02, 05, 07, 08, 11, 12, 13, 15, 16, 17, 18, 23, 24, 25]
Inserido id 73 numCon 73 dez [01, 02, 05, 07, 10, 11, 13, 14, 15, 16, 17, 18, 19, 21, 25]
Inserido id 74 numCon 74 dez [01, 02, 03, 04, 05, 06, 08, 11, 13, 15, 16, 18, 22, 23, 25]
Inserido id 75 numCon 75 dez [01, 03, 04, 05, 06, 07, 08, 10, 11, 13, 15, 16, 17, 20, 25]
Inserido id 76 numCon 76 dez [01, 03, 05, 08, 09, 10, 12, 13, 15, 16, 17, 19, 21, 23, 25]
Inserido id 77 numCon 77 dez [02, 03, 04, 06, 08, 09, 11, 14, 17, 18, 20, 21, 22, 24, 25]
Inserido id 78 numCon 78 dez [01, 02, 03, 05, 06, 07, 08, 12, 13, 15, 16, 17, 18, 20, 23]
Inserido id 79 numCon 79 dez [01, 02, 03, 05, 09, 12, 14, 15, 17, 18, 20, 22, 23, 24, 25]
Inserido id 80 numCon 80 dez [01, 02, 03, 04, 05, 07, 09, 10, 14, 15, 17, 18, 20, 22, 25]
Inserido id 81 numCon 81 dez [01, 02, 03, 04, 05, 06, 07, 10, 11, 13, 15, 16, 17, 19, 21]
Inserido id 82 numCon 82 dez [01, 04, 05, 06, 08, 09, 12, 13, 15, 17, 18, 19, 20, 22, 23]
Inserido id 83 numCon 83 dez [01, 02, 03, 05, 06, 08, 10, 11, 12, 13, 14, 20, 23, 24, 25]
Inserido id 84 numCon 84 dez [01, 02, 04, 06, 08, 12, 15, 16, 17, 19, 20, 22, 23, 24, 25]
Inserido id 85 numCon 85 dez [01, 02, 05, 07, 08, 09, 11, 13, 14, 15, 16, 18, 21, 22, 23]
Inserido id 86 numCon 86 dez [02, 04, 05, 06, 08, 09, 12, 13, 14, 17, 18, 19, 23, 24, 25]
Inserido id 87 numCon 87 dez [01, 02, 03, 05, 08, 09, 10, 11, 13, 15, 18, 20, 22, 24, 25]
Inserido id 88 numCon 88 dez [01, 02, 04, 05, 08, 09, 10, 11, 12, 14, 17, 18, 19, 24, 25]
Inserido id 89 numCon 89 dez [01, 06, 11, 12, 13, 15, 16, 17, 19, 20, 21, 22, 23, 24, 25]
Inserido id 90 numCon 90 dez [01, 02, 03, 08, 10, 11, 12, 15, 17, 20, 21, 22, 23, 24, 25]
Inserido id 91 numCon 91 dez [01, 04, 09, 10, 11, 12, 13, 14, 15, 16, 17, 20, 22, 23, 25]
Inserido id 92 numCon 92 dez [01, 02, 04, 06, 08, 12, 13, 14, 15, 17, 18, 19, 21, 22, 24]
Inserido id 93 numCon 93 dez [02, 04, 05, 06, 07, 09, 10, 13, 17, 18, 19, 20, 21, 23, 24]
Inserido id 94 numCon 94 dez [02, 04, 08, 09, 11, 12, 13, 15, 16, 17, 18, 21, 22, 23, 24]
Inserido id 95 numCon 95 dez [01, 02, 03, 04, 05, 10, 11, 12, 14, 15, 17, 18, 19, 20, 22]
Inserido id 96 numCon 96 dez [03, 04, 06, 09, 10, 12, 14, 16, 17, 18, 19, 21, 22, 23, 24]
Inserido id 97 numCon 97 dez [03, 04, 06, 10, 12, 13, 14, 15, 17, 19, 20, 22, 23, 24, 25]
Inserido id 98 numCon 98 dez [01, 02, 05, 06, 08, 10, 11, 15, 17, 18, 20, 22, 23, 24, 25]
Inserido id 99 numCon 99 dez [01, 02, 03, 04, 07, 10, 11, 13, 14, 16, 17, 20, 21, 24, 25]
Inserido id 100 numCon 100 dez [01, 03, 04, 08, 09, 10, 11, 12, 13, 14, 16, 17, 22, 23, 25]
Inserido id 101 numCon 101 dez [01, 03, 06, 07, 09, 10, 13, 14, 16, 17, 19, 20, 21, 23, 24]
Inserido id 102 numCon 102 dez [01, 02, 03, 04, 07, 09, 10, 11, 12, 18, 19, 21, 22, 23, 25]
Inserido id 103 numCon 103 dez [01, 02, 03, 04, 05, 07, 08, 10, 11, 16, 17, 18, 22, 23, 25]
Inserido id 104 numCon 104 dez [05, 06, 07, 10, 11, 13, 14, 15, 16, 18, 19, 21, 22, 24, 25]
Inserido id 105 numCon 105 dez [04, 06, 07, 08, 09, 10, 11, 12, 13, 15, 17, 19, 21, 22, 25]
Inserido id 106 numCon 106 dez [01, 02, 03, 04, 05, 06, 10, 12, 13, 14, 15, 17, 22, 23, 25]
Inserido id 107 numCon 107 dez [01, 03, 04, 06, 07, 08, 09, 11, 12, 15, 17, 18, 21, 24, 25]
Inserido id 108 numCon 108 dez [01, 02, 04, 07, 08, 09, 11, 12, 14, 15, 16, 18, 22, 23, 25]
Inserido id 109 numCon 109 dez [01, 03, 05, 07, 09, 11, 12, 13, 16, 18, 20, 21, 23, 24, 25]
Inserido id 110 numCon 110 dez [01, 03, 04, 05, 06, 12, 13, 14, 17, 19, 20, 21, 22, 23, 25]
Inserido id 111 numCon 111 dez [01, 05, 06, 10, 11, 12, 13, 15, 17, 18, 19, 21, 22, 24, 25]
Inserido id 112 numCon 112 dez [01, 02, 03, 04, 06, 10, 11, 14, 15, 17, 18, 19, 20, 21, 23]
Inserido id 113 numCon 113 dez [01, 02, 04, 05, 06, 08, 11, 12, 13, 14, 19, 20, 21, 24, 25]
Inserido id 114 numCon 114 dez [01, 02, 03, 06, 07, 08, 09, 10, 11, 14, 20, 21, 22, 24, 25]
Inserido id 115 numCon 115 dez [01, 04, 05, 06, 07, 09, 11, 12, 13, 16, 17, 18, 20, 21, 25]
Inserido id 116 numCon 116 dez [01, 02, 09, 10, 11, 12, 13, 14, 16, 18, 19, 20, 21, 23, 25]
Inserido id 117 numCon 117 dez [05, 06, 07, 09, 10, 11, 12, 13, 14, 15, 17, 18, 20, 23, 25]
Inserido id 118 numCon 118 dez [02, 04, 05, 06, 08, 12, 13, 14, 15, 18, 19, 21, 22, 23, 24]
Inserido id 119 numCon 119 dez [01, 04, 06, 08, 09, 10, 11, 15, 17, 18, 20, 21, 22, 23, 24]
Inserido id 120 numCon 120 dez [01, 03, 05, 07, 08, 11, 12, 13, 15, 16, 18, 19, 20, 21, 24]
Inserido id 121 numCon 121 dez [01, 02, 04, 05, 07, 09, 10, 11, 12, 16, 17, 18, 23, 24, 25]
Inserido id 122 numCon 122 dez [01, 02, 04, 05, 08, 09, 10, 13, 15, 17, 18, 20, 22, 23, 25]
Inserido id 123 numCon 123 dez [04, 05, 06, 07, 11, 12, 13, 17, 18, 19, 20, 21, 22, 23, 24]
Inserido id 124 numCon 124 dez [02, 03, 04, 06, 07, 09, 14, 15, 16, 18, 19, 20, 21, 24, 25]
Inserido id 125 numCon 125 dez [02, 03, 04, 06, 07, 09, 10, 11, 12, 15, 16, 21, 22, 24, 25]
Inserido id 126 numCon 126 dez [01, 02, 03, 04, 06, 07, 08, 13, 14, 16, 18, 21, 22, 24, 25]
Inserido id 127 numCon 127 dez [01, 02, 03, 04, 05, 07, 10, 11, 12, 13, 18, 19, 22, 23, 25]
Inserido id 128 numCon 128 dez [02, 03, 04, 06, 11, 13, 14, 15, 16, 17, 19, 20, 21, 23, 25]
Inserido id 129 numCon 129 dez [02, 05, 06, 07, 09, 11, 13, 15, 18, 19, 20, 21, 22, 23, 25]
Inserido id 130 numCon 130 dez [02, 03, 04, 05, 06, 09, 10, 12, 13, 15, 17, 19, 23, 24, 25]
Inserido id 131 numCon 131 dez [02, 04, 05, 06, 07, 08, 11, 12, 13, 15, 19, 20, 22, 23, 25]
Inserido id 132 numCon 132 dez [01, 03, 04, 05, 07, 09, 10, 11, 14, 15, 16, 17, 22, 23, 25]
Inserido id 133 numCon 133 dez [01, 03, 04, 05, 08, 09, 11, 13, 15, 18, 19, 20, 21, 22, 23]
Inserido id 134 numCon 134 dez [01, 03, 05, 07, 08, 10, 11, 12, 13, 14, 16, 17, 19, 22, 25]
Inserido id 135 numCon 135 dez [01, 02, 05, 07, 08, 10, 13, 14, 15, 18, 19, 20, 21, 22, 25]
Inserido id 136 numCon 136 dez [01, 02, 03, 05, 06, 09, 12, 13, 14, 15, 17, 21, 22, 23, 24]
Inserido id 137 numCon 137 dez [02, 06, 08, 09, 10, 11, 12, 13, 16, 17, 18, 19, 20, 21, 25]
Inserido id 138 numCon 138 dez [02, 03, 04, 05, 07, 08, 11, 13, 15, 16, 17, 21, 22, 24, 25]
Inserido id 139 numCon 139 dez [01, 02, 07, 09, 12, 14, 15, 16, 17, 18, 19, 21, 22, 23, 24]
Inserido id 140 numCon 140 dez [01, 02, 03, 06, 09, 10, 12, 13, 15, 18, 19, 20, 22, 24, 25]
Inserido id 141 numCon 141 dez [01, 03, 07, 08, 09, 10, 12, 13, 16, 17, 18, 19, 20, 24, 25]
Inserido id 142 numCon 142 dez [01, 02, 04, 05, 06, 07, 09, 15, 16, 17, 18, 19, 22, 23, 24]
Inserido id 143 numCon 143 dez [01, 02, 08, 09, 11, 13, 15, 16, 17, 19, 21, 22, 23, 24, 25]
Inserido id 144 numCon 144 dez [01, 02, 04, 07, 09, 11, 12, 14, 17, 19, 20, 21, 22, 24, 25]
Inserido id 145 numCon 145 dez [01, 02, 03, 09, 10, 11, 13, 14, 15, 17, 18, 20, 22, 24, 25]
Inserido id 146 numCon 146 dez [01, 02, 05, 08, 10, 11, 12, 13, 14, 16, 17, 22, 23, 24, 25]
Inserido id 147 numCon 147 dez [01, 02, 04, 05, 06, 10, 11, 12, 13, 16, 19, 21, 22, 23, 25]
Inserido id 148 numCon 148 dez [01, 02, 04, 05, 08, 09, 12, 13, 16, 17, 20, 21, 22, 24, 25]
Inserido id 149 numCon 149 dez [02, 05, 07, 09, 10, 13, 15, 16, 17, 18, 19, 20, 23, 24, 25]
Inserido id 150 numCon 150 dez [01, 03, 05, 06, 07, 08, 09, 11, 14, 19, 21, 22, 23, 24, 25]
Inserido id 151 numCon 151 dez [03, 04, 05, 07, 09, 10, 11, 12, 13, 14, 16, 18, 20, 23, 24]
Inserido id 152 numCon 152 dez [03, 04, 05, 06, 07, 08, 13, 15, 17, 19, 20, 22, 23, 24, 25]
Inserido id 153 numCon 153 dez [01, 02, 04, 05, 08, 11, 12, 13, 17, 18, 20, 21, 23, 24, 25]
Inserido id 154 numCon 154 dez [01, 02, 03, 05, 06, 09, 10, 11, 13, 14, 15, 16, 18, 23, 24]
Inserido id 155 numCon 155 dez [02, 04, 05, 08, 10, 11, 14, 15, 16, 18, 19, 20, 21, 22, 24]
Inserido id 156 numCon 156 dez [01, 03, 04, 08, 09, 10, 11, 12, 13, 14, 15, 19, 20, 22, 23]
Inserido id 157 numCon 157 dez [01, 02, 04, 06, 07, 09, 10, 12, 14, 16, 18, 19, 21, 24, 25]
Inserido id 158 numCon 158 dez [02, 07, 08, 09, 10, 11, 12, 15, 16, 17, 18, 19, 20, 22, 23]
Inserido id 159 numCon 159 dez [01, 02, 03, 04, 05, 06, 08, 10, 11, 14, 15, 17, 20, 24, 25]
Inserido id 160 numCon 160 dez [01, 03, 04, 09, 10, 11, 12, 14, 15, 16, 17, 19, 20, 21, 24]
Inserido id 161 numCon 161 dez [01, 05, 08, 11, 13, 15, 16, 17, 18, 20, 21, 22, 23, 24, 25]
Inserido id 162 numCon 162 dez [01, 02, 03, 04, 05, 06, 08, 11, 12, 13, 16, 18, 20, 23, 24]
Inserido id 163 numCon 163 dez [01, 02, 03, 05, 06, 07, 09, 13, 14, 15, 20, 21, 23, 24, 25]
Inserido id 164 numCon 164 dez [01, 02, 03, 05, 06, 08, 10, 11, 14, 15, 18, 21, 22, 23, 24]
Inserido id 165 numCon 165 dez [01, 02, 04, 06, 08, 09, 12, 13, 14, 15, 17, 18, 19, 22, 25]
Inserido id 166 numCon 166 dez [02, 03, 04, 08, 09, 10, 13, 14, 15, 18, 19, 20, 21, 22, 23]
Inserido id 167 numCon 167 dez [01, 02, 03, 06, 08, 09, 10, 13, 14, 16, 18, 19, 22, 23, 24]
Inserido id 168 numCon 168 dez [01, 02, 03, 04, 07, 10, 12, 15, 16, 17, 19, 20, 22, 23, 24]
Inserido id 169 numCon 169 dez [01, 04, 05, 06, 07, 08, 09, 10, 11, 12, 15, 16, 20, 21, 24]
Inserido id 170 numCon 170 dez [01, 03, 04, 05, 06, 07, 08, 10, 13, 16, 18, 20, 22, 23, 25]
Inserido id 171 numCon 171 dez [01, 03, 04, 10, 11, 12, 13, 15, 16, 17, 21, 22, 23, 24, 25]
Inserido id 172 numCon 172 dez [01, 02, 04, 06, 07, 09, 10, 11, 12, 13, 18, 20, 21, 22, 25]
Inserido id 173 numCon 173 dez [02, 03, 04, 05, 07, 08, 11, 15, 19, 20, 21, 22, 23, 24, 25]
Inserido id 174 numCon 174 dez [01, 02, 04, 07, 09, 10, 11, 12, 13, 15, 17, 20, 23, 24, 25]
Inserido id 175 numCon 175 dez [02, 03, 05, 06, 07, 11, 12, 13, 14, 15, 16, 18, 19, 21, 24]
Inserido id 176 numCon 176 dez [02, 04, 10, 11, 12, 13, 15, 16, 17, 18, 21, 22, 23, 24, 25]
Inserido id 177 numCon 177 dez [02, 06, 07, 08, 10, 11, 13, 15, 16, 17, 19, 20, 21, 23, 24]
Inserido id 178 numCon 178 dez [02, 03, 04, 06, 08, 09, 10, 14, 16, 19, 20, 21, 23, 24, 25]
Inserido id 179 numCon 179 dez [02, 03, 04, 05, 07, 09, 13, 14, 15, 17, 19, 22, 23, 24, 25]
Inserido id 180 numCon 180 dez [01, 02, 03, 04, 05, 06, 07, 08, 10, 11, 15, 17, 20, 24, 25]
Inserido id 181 numCon 181 dez [01, 04, 05, 06, 07, 08, 14, 15, 16, 17, 19, 20, 21, 22, 23]
Inserido id 182 numCon 182 dez [02, 03, 04, 07, 08, 09, 11, 13, 14, 17, 19, 21, 22, 23, 25]
Inserido id 183 numCon 183 dez [02, 04, 06, 07, 08, 11, 13, 14, 16, 19, 20, 21, 23, 24, 25]
Inserido id 184 numCon 184 dez [01, 03, 07, 08, 09, 10, 11, 15, 16, 17, 18, 19, 21, 23, 25]
Inserido id 185 numCon 185 dez [01, 02, 04, 06, 07, 08, 09, 11, 12, 15, 17, 19, 20, 23, 25]
Inserido id 186 numCon 186 dez [02, 04, 05, 06, 11, 12, 13, 16, 17, 18, 19, 22, 23, 24, 25]
Inserido id 187 numCon 187 dez [01, 03, 11, 12, 13, 15, 16, 17, 18, 19, 21, 22, 23, 24, 25]
Inserido id 188 numCon 188 dez [02, 03, 05, 08, 10, 11, 13, 16, 19, 20, 21, 22, 23, 24, 25]
Inserido id 189 numCon 189 dez [01, 02, 04, 05, 06, 07, 09, 13, 16, 18, 19, 20, 22, 23, 24]
Inserido id 190 numCon 190 dez [01, 03, 04, 05, 07, 08, 11, 13, 14, 15, 16, 18, 19, 23, 24]
Inserido id 191 numCon 191 dez [02, 05, 08, 09, 10, 12, 13, 15, 17, 18, 19, 20, 21, 22, 23]
Inserido id 192 numCon 192 dez [01, 02, 03, 04, 05, 06, 11, 13, 14, 15, 16, 21, 22, 23, 24]
Inserido id 193 numCon 193 dez [01, 02, 03, 04, 05, 08, 09, 10, 14, 15, 16, 19, 20, 21, 25]
Inserido id 194 numCon 194 dez [02, 07, 08, 09, 10, 12, 13, 14, 15, 17, 18, 21, 22, 23, 25]
Inserido id 195 numCon 195 dez [02, 03, 04, 06, 07, 08, 09, 11, 12, 14, 17, 18, 19, 22, 23]
Inserido id 196 numCon 196 dez [02, 03, 04, 05, 10, 14, 15, 16, 17, 19, 20, 22, 23, 24, 25]
Inserido id 197 numCon 197 dez [03, 04, 05, 06, 07, 08, 09, 10, 12, 13, 18, 20, 21, 22, 23]
Inserido id 198 numCon 198 dez [01, 02, 04, 05, 06, 07, 13, 14, 15, 16, 17, 18, 20, 21, 25]
Inserido id 199 numCon 199 dez [01, 02, 03, 04, 05, 06, 09, 11, 12, 15, 19, 20, 21, 22, 23]
Inserido id 200 numCon 200 dez [01, 02, 04, 05, 08, 09, 11, 12, 13, 14, 15, 16, 21, 23, 24]
Inserido id 201 numCon 201 dez [01, 02, 04, 05, 08, 09, 10, 11, 12, 13, 14, 15, 19, 20, 22]
Inserido id 202 numCon 202 dez [01, 03, 05, 10, 11, 13, 14, 16, 17, 18, 19, 21, 22, 23, 24]
Inserido id 203 numCon 203 dez [01, 02, 03, 04, 05, 06, 07, 12, 13, 14, 17, 18, 23, 24, 25]
Inserido id 204 numCon 204 dez [02, 03, 04, 05, 07, 08, 11, 14, 15, 16, 17, 22, 23, 24, 25]
Inserido id 205 numCon 205 dez [02, 03, 04, 09, 10, 11, 12, 14, 15, 16, 17, 18, 21, 22, 25]
Inserido id 206 numCon 206 dez [02, 03, 05, 08, 09, 11, 12, 13, 14, 15, 16, 17, 20, 21, 22]
Inserido id 207 numCon 207 dez [01, 02, 03, 04, 06, 09, 10, 12, 13, 14, 15, 17, 19, 20, 22]
Inserido id 208 numCon 208 dez [01, 03, 04, 06, 07, 09, 10, 11, 12, 14, 15, 16, 19, 23, 24]
Inserido id 209 numCon 209 dez [01, 03, 05, 06, 07, 09, 10, 14, 15, 18, 19, 21, 22, 24, 25]
Inserido id 210 numCon 210 dez [03, 05, 07, 09, 10, 11, 13, 14, 15, 16, 18, 21, 22, 23, 24]
Inserido id 211 numCon 211 dez [01, 02, 04, 06, 08, 10, 11, 12, 14, 16, 17, 18, 22, 24, 25]
Inserido id 212 numCon 212 dez [01, 03, 04, 06, 08, 09, 10, 11, 12, 14, 16, 19, 20, 22, 23]
Inserido id 213 numCon 213 dez [01, 03, 04, 05, 08, 09, 10, 11, 16, 18, 19, 21, 23, 24, 25]
Inserido id 214 numCon 214 dez [01, 02, 03, 04, 09, 11, 13, 14, 15, 18, 19, 20, 22, 24, 25]
Inserido id 215 numCon 215 dez [01, 03, 04, 05, 07, 09, 11, 12, 14, 15, 17, 18, 19, 23, 25]
Inserido id 216 numCon 216 dez [02, 03, 04, 05, 06, 07, 09, 10, 11, 13, 17, 19, 21, 24, 25]
Inserido id 217 numCon 217 dez [02, 03, 04, 05, 06, 07, 09, 10, 11, 12, 16, 17, 19, 21, 25]
Inserido id 218 numCon 218 dez [02, 05, 07, 08, 11, 12, 13, 14, 15, 16, 17, 20, 21, 22, 25]
Inserido id 219 numCon 219 dez [02, 03, 06, 08, 09, 11, 14, 16, 17, 18, 19, 22, 23, 24, 25]
Inserido id 220 numCon 220 dez [05, 09, 10, 12, 13, 14, 15, 16, 17, 18, 20, 21, 23, 24, 25]
Inserido id 221 numCon 221 dez [01, 02, 03, 06, 07, 08, 10, 12, 16, 17, 19, 20, 21, 23, 25]
Inserido id 222 numCon 222 dez [01, 03, 04, 05, 06, 07, 08, 09, 12, 15, 18, 21, 22, 23, 24]
Inserido id 223 numCon 223 dez [02, 04, 07, 09, 10, 11, 12, 13, 14, 16, 20, 21, 22, 23, 24]
Inserido id 224 numCon 224 dez [04, 06, 08, 09, 10, 11, 12, 13, 15, 18, 19, 20, 21, 23, 24]
Inserido id 225 numCon 225 dez [01, 02, 03, 05, 07, 08, 13, 14, 15, 18, 19, 20, 22, 23, 25]
Inserido id 226 numCon 226 dez [04, 05, 08, 10, 11, 13, 14, 15, 16, 17, 18, 19, 20, 21, 25]
Inserido id 227 numCon 227 dez [01, 05, 07, 08, 09, 10, 12, 14, 15, 17, 18, 19, 20, 21, 22]
Inserido id 228 numCon 228 dez [02, 04, 10, 11, 12, 13, 14, 15, 16, 17, 18, 19, 20, 24, 25]
Inserido id 229 numCon 229 dez [02, 06, 08, 09, 10, 11, 12, 13, 14, 15, 16, 17, 20, 23, 25]
Inserido id 230 numCon 230 dez [01, 02, 03, 04, 05, 06, 08, 10, 11, 13, 14, 15, 17, 22, 24]
Inserido id 231 numCon 231 dez [01, 02, 05, 06, 07, 10, 12, 15, 16, 17, 18, 19, 21, 24, 25]
Inserido id 232 numCon 232 dez [04, 05, 06, 09, 11, 12, 13, 14, 16, 17, 18, 21, 23, 24, 25]
Inserido id 233 numCon 233 dez [01, 02, 03, 04, 05, 06, 07, 08, 09, 12, 13, 14, 17, 19, 21]
Inserido id 234 numCon 234 dez [01, 02, 03, 04, 05, 09, 11, 12, 13, 14, 15, 17, 21, 22, 24]
Inserido id 235 numCon 235 dez [01, 08, 10, 12, 13, 14, 15, 16, 17, 18, 19, 21, 23, 24, 25]
Inserido id 236 numCon 236 dez [01, 03, 04, 05, 07, 08, 09, 12, 13, 15, 16, 21, 22, 23, 25]
Inserido id 237 numCon 237 dez [04, 05, 06, 07, 09, 12, 13, 15, 16, 18, 19, 20, 21, 22, 23]
Inserido id 238 numCon 238 dez [01, 03, 04, 06, 11, 12, 13, 14, 15, 17, 19, 20, 21, 23, 24]
Inserido id 239 numCon 239 dez [01, 03, 05, 06, 07, 09, 10, 13, 14, 15, 16, 19, 22, 23, 25]
Inserido id 240 numCon 240 dez [01, 02, 04, 09, 10, 11, 13, 14, 15, 16, 18, 19, 21, 22, 23]
Inserido id 241 numCon 241 dez [03, 04, 05, 08, 09, 12, 13, 14, 15, 17, 20, 21, 23, 24, 25]
Inserido id 242 numCon 242 dez [02, 05, 06, 08, 09, 13, 14, 15, 16, 17, 18, 19, 21, 22, 23]
Inserido id 243 numCon 243 dez [01, 02, 03, 04, 05, 07, 12, 13, 16, 17, 18, 20, 21, 23, 25]
Inserido id 244 numCon 244 dez [03, 05, 06, 07, 09, 10, 11, 12, 14, 15, 18, 20, 21, 22, 24]
Inserido id 245 numCon 245 dez [01, 02, 06, 07, 09, 10, 11, 12, 14, 15, 16, 18, 19, 24, 25]
Inserido id 246 numCon 246 dez [01, 04, 05, 07, 08, 09, 10, 12, 13, 15, 17, 18, 21, 24, 25]
Inserido id 247 numCon 247 dez [01, 02, 03, 04, 07, 08, 09, 14, 15, 16, 17, 19, 22, 23, 25]
Inserido id 248 numCon 248 dez [01, 02, 05, 08, 09, 10, 11, 12, 13, 15, 16, 19, 20, 21, 25]
Inserido id 249 numCon 249 dez [04, 05, 07, 08, 09, 10, 12, 14, 15, 17, 18, 21, 22, 23, 25]
Inserido id 250 numCon 250 dez [01, 02, 03, 05, 09, 10, 12, 13, 15, 16, 17, 18, 19, 21, 23]
Inserido id 251 numCon 251 dez [03, 04, 05, 06, 09, 10, 13, 15, 16, 18, 19, 21, 22, 23, 25]
Inserido id 252 numCon 252 dez [02, 03, 04, 06, 08, 11, 14, 15, 17, 18, 19, 22, 23, 24, 25]
Inserido id 253 numCon 253 dez [01, 04, 05, 06, 07, 08, 11, 12, 13, 15, 18, 19, 21, 22, 23]
Inserido id 254 numCon 254 dez [02, 03, 04, 05, 06, 07, 08, 09, 11, 13, 14, 15, 16, 20, 23]
Inserido id 255 numCon 255 dez [01, 02, 03, 04, 06, 09, 10, 14, 15, 16, 17, 21, 22, 23, 24]
Inserido id 256 numCon 256 dez [01, 02, 06, 07, 08, 09, 10, 12, 13, 15, 16, 18, 20, 22, 24]
Inserido id 257 numCon 257 dez [01, 03, 06, 07, 09, 10, 12, 13, 14, 16, 17, 18, 19, 22, 24]
Inserido id 258 numCon 258 dez [02, 04, 05, 06, 09, 12, 13, 14, 17, 19, 20, 21, 22, 24, 25]
Inserido id 259 numCon 259 dez [03, 05, 06, 07, 08, 09, 10, 15, 18, 19, 20, 21, 22, 24, 25]
Inserido id 260 numCon 260 dez [01, 03, 04, 05, 06, 07, 08, 09, 11, 13, 14, 18, 19, 20, 24]
Inserido id 261 numCon 261 dez [01, 02, 04, 05, 06, 07, 11, 13, 15, 16, 17, 19, 20, 21, 25]
Inserido id 262 numCon 262 dez [03, 04, 06, 07, 08, 09, 12, 13, 14, 15, 17, 20, 21, 23, 24]
Inserido id 263 numCon 263 dez [01, 04, 07, 08, 09, 10, 11, 14, 15, 16, 18, 19, 21, 23, 24]
Inserido id 264 numCon 264 dez [01, 03, 04, 06, 08, 09, 12, 13, 16, 19, 20, 21, 22, 23, 25]
Inserido id 265 numCon 265 dez [01, 05, 07, 08, 11, 12, 13, 15, 16, 17, 18, 19, 20, 22, 24]
Inserido id 266 numCon 266 dez [01, 03, 04, 05, 06, 07, 09, 11, 14, 15, 18, 19, 21, 22, 24]
Inserido id 267 numCon 267 dez [02, 03, 04, 05, 06, 09, 11, 12, 13, 14, 15, 17, 21, 23, 24]
Inserido id 268 numCon 268 dez [05, 06, 07, 08, 09, 10, 12, 14, 15, 16, 18, 19, 20, 23, 25]
Inserido id 269 numCon 269 dez [01, 02, 04, 06, 10, 13, 14, 15, 16, 17, 18, 19, 22, 23, 24]
Inserido id 270 numCon 270 dez [01, 03, 04, 05, 06, 07, 08, 09, 14, 16, 18, 19, 23, 24, 25]
Inserido id 271 numCon 271 dez [01, 02, 04, 05, 06, 08, 11, 12, 16, 18, 19, 20, 21, 24, 25]
Inserido id 272 numCon 272 dez [01, 02, 04, 05, 08, 09, 11, 12, 13, 15, 17, 20, 23, 24, 25]
Inserido id 273 numCon 273 dez [01, 05, 06, 07, 10, 12, 15, 16, 17, 18, 19, 20, 21, 24, 25]
Inserido id 274 numCon 274 dez [02, 04, 05, 06, 07, 10, 11, 12, 14, 15, 17, 20, 21, 23, 25]
Inserido id 275 numCon 275 dez [01, 03, 05, 06, 08, 09, 10, 11, 12, 14, 15, 17, 18, 20, 22]
Inserido id 276 numCon 276 dez [02, 03, 04, 05, 07, 10, 11, 12, 13, 17, 18, 19, 20, 22, 25]
Inserido id 277 numCon 277 dez [02, 04, 09, 10, 11, 12, 13, 14, 16, 17, 21, 22, 23, 24, 25]
Inserido id 278 numCon 278 dez [01, 02, 03, 05, 06, 09, 11, 12, 13, 15, 17, 19, 21, 23, 25]
Inserido id 279 numCon 279 dez [01, 02, 03, 05, 06, 09, 10, 11, 12, 13, 17, 18, 19, 22, 23]
Inserido id 280 numCon 280 dez [03, 04, 05, 06, 09, 10, 11, 13, 15, 16, 17, 19, 20, 24, 25]
Inserido id 281 numCon 281 dez [01, 02, 03, 04, 08, 09, 10, 11, 12, 14, 15, 17, 19, 23, 25]
Inserido id 282 numCon 282 dez [02, 03, 04, 07, 08, 11, 12, 13, 15, 16, 19, 20, 21, 22, 25]
Inserido id 283 numCon 283 dez [01, 02, 04, 06, 08, 09, 10, 11, 12, 13, 19, 20, 22, 23, 24]
Inserido id 284 numCon 284 dez [01, 03, 05, 06, 07, 11, 12, 13, 15, 17, 19, 21, 22, 23, 25]
Inserido id 285 numCon 285 dez [01, 04, 05, 08, 09, 10, 11, 12, 13, 14, 15, 16, 19, 22, 23]
Inserido id 286 numCon 286 dez [01, 02, 03, 04, 07, 09, 10, 11, 12, 13, 19, 21, 23, 24, 25]
Inserido id 287 numCon 287 dez [02, 05, 06, 07, 10, 12, 13, 15, 16, 17, 18, 21, 22, 23, 25]
Inserido id 288 numCon 288 dez [01, 02, 03, 04, 06, 09, 10, 12, 13, 14, 15, 18, 19, 24, 25]
Inserido id 289 numCon 289 dez [01, 02, 03, 04, 06, 08, 09, 10, 12, 14, 15, 17, 19, 22, 24]
Inserido id 290 numCon 290 dez [01, 02, 05, 06, 07, 09, 11, 12, 13, 14, 17, 20, 21, 22, 23]
Inserido id 291 numCon 291 dez [01, 02, 05, 07, 08, 10, 11, 12, 13, 14, 15, 17, 20, 23, 24]
Inserido id 292 numCon 292 dez [02, 03, 05, 07, 08, 09, 11, 12, 13, 16, 17, 21, 22, 24, 25]
Inserido id 293 numCon 293 dez [01, 02, 03, 06, 09, 12, 13, 14, 15, 18, 19, 22, 23, 24, 25]
Inserido id 294 numCon 294 dez [01, 02, 03, 04, 05, 07, 08, 11, 12, 15, 16, 20, 23, 24, 25]
Inserido id 295 numCon 295 dez [02, 03, 04, 06, 10, 13, 15, 16, 17, 18, 19, 21, 23, 24, 25]
Inserido id 296 numCon 296 dez [02, 03, 06, 07, 08, 11, 12, 14, 15, 16, 17, 18, 19, 22, 25]
Inserido id 297 numCon 297 dez [01, 04, 07, 08, 09, 10, 12, 14, 15, 16, 21, 22, 23, 24, 25]
Inserido id 298 numCon 298 dez [01, 03, 04, 06, 07, 08, 11, 12, 13, 14, 15, 16, 21, 22, 24]
Inserido id 299 numCon 299 dez [03, 05, 06, 07, 08, 10, 13, 17, 18, 19, 20, 21, 22, 23, 24]
Inserido id 300 numCon 300 dez [03, 04, 07, 08, 09, 11, 12, 15, 17, 19, 20, 21, 22, 23, 25]
Inserido id 301 numCon 301 dez [02, 03, 08, 09, 11, 12, 13, 14, 15, 17, 18, 19, 20, 22, 23]
Inserido id 302 numCon 302 dez [02, 04, 05, 06, 09, 10, 11, 12, 14, 15, 16, 18, 20, 22, 25]
Inserido id 303 numCon 303 dez [02, 03, 04, 06, 08, 12, 15, 16, 17, 18, 20, 21, 22, 23, 24]
Inserido id 304 numCon 304 dez [01, 03, 04, 05, 12, 14, 15, 16, 17, 18, 19, 20, 21, 22, 25]
Inserido id 305 numCon 305 dez [02, 03, 04, 05, 08, 10, 11, 12, 13, 18, 20, 21, 22, 24, 25]
Inserido id 306 numCon 306 dez [01, 02, 04, 05, 08, 11, 12, 13, 14, 15, 16, 18, 19, 20, 25]
Inserido id 307 numCon 307 dez [01, 03, 04, 06, 09, 10, 12, 14, 15, 17, 19, 20, 21, 23, 24]
Inserido id 308 numCon 308 dez [01, 02, 04, 05, 12, 13, 15, 16, 18, 19, 21, 22, 23, 24, 25]
